camera_matrix:
  cols: 3
  data: [331.50546469131757, 0.0, 329.1780314661178, 0.0, 331.914306420651, 229.79823529988352,
    0.0, 0.0, 1.0]
  rows: 3
camera_name: robocik/camera_node
distortion_coefficients:
  cols: 5
  data: [-0.2707280559929776, 0.05451610349702108, 0.0030325047784471094, -0.0009195537735725225,
    0.0]
  rows: 1
distortion_model: plumb_bob
image_height: 480
image_width: 640
projection_matrix:
  cols: 4
  data: [230.4720916748047, 0.0, 325.4555653246116, 0.0, 0.0, 273.59295654296875,
    227.9406693234523, 0.0, 0.0, 0.0, 1.0, 0.0]
  rows: 3
rectification_matrix:
  cols: 3
  data: [1.0, 0.0, 0.0, 0.0, 1.0, 0.0, 0.0, 0.0, 1.0]
  rows: 3
